00000000000000000000011111000000000000000000000000
00000000000000000001110001110000000000000000000000
00000000000000000111000000011000000000000000000000
00000000000001111100000000001100000000000000000000
00000000000011111100000000001110000000000000000000
00000000000111111100000000000110000000000000000000
00000000000111110100000000000110000000000000000000
00000000000111100111001111100110000000000000000000
00000000000111111110011111010110000000000000000000
00000000000100011000011111010110000000000000000000
00000000000100011110011111010110000000000000000000
00000000001111000000011100010100000000000000000000
00000000001111111110000111101100000000000000000000
00000000011000000111111000001100000000000000000000
00000000010000000000000100001100000000000000000000
00000000110000000000000000001100000000000000000000
00000000100000000000000000011000000000000000000000
00000001100000000000000000011000000000000000000000
00000001100000000000000000011000000000000000000000
00000001000000000000100000110000000000000000000000
00000001000000000000100100110000000000000000000000
00000001000000000000101100100000000000000111100000
00000001000000000000101001100000000000001000100000
00000001000000000001001001100000000000011000100000
00000001000000000001011001000000000000110001100000
00000001000000000001010011000000000001100001000000
00000001000000000001110011111111110011000010000000
00000001000000000010100011000000111110000110000000
00000001000000000010100001000100001100001100000000
00000001000000000010100000000111110000011000000000
00000001000000000100100000011111111000111000000000
00000001100000000001010000000000011100011100000000
00000000100000001101110000000000000110000010000000
00000000100000000010000000000110000110000010000000
00000000110000000000000000000000000011001000000000
00000000011000000000000000010000000011000100000000
00000000001100000000000000010000000011000100000000
00000000000110000000000000000000000011101100000000
00000000000111100000000000010000000110010000000000
00000110001001111000000000000000001100000000000000
00000101011001001111100000000000011000000000000000
00000100110010000001111011100001100000000000000000
00000100000100000000010011111110000000000000000000
00000010001000000111110010000000000000000000000000
00000010110000000111100100000000000000000000000000
00000001100000000110000100000000000000000000000000
00000000000000000010001000000000000000000000000000
00000000000000000011001000000000000000000000000000
00000000000000000001110000000000000000000000000000
00000000000000000000110000000000000000000000000000
