00000000000000000000000000000000000000000000000000
00000000000000000000000000000000000000000000000000
00000000000000000000000000000000000000000000000000
00000000000000000000000000000000000000000000000000
00000000000000000000000000000000000000000000000000
00000000000001111111100000000111111110000000000000
00000000000111100000111000011100000111100000000000
00000000000100000000000100100000000000100000000000
00000000000100000000000111100000000000110000000000
00000000000100000000000011000000000000100000000000
00000000000100000010000011000010000000100000000000
00000000000110000000100011000100000001100000000000
00000000000010000000011111111000000001000000000000
00000000000011000000001111110000000011000000000000
00000000000001100000011111110000000110000000000000
00000000000000111000111111111100011100000000000000
00000000000000011111111000011111111000000000000000
00000000000000110000100000001100011100000000000000
00000000000001100001100000000100000110000000000000
00000000000001000011100000000110000110000000000000
00000000000011000111110000001111000011000000000000
00000000000010001110001111110001110011000000000000
00000000000011111000000111100000011011000000000000
00000000000111110000000011000000001111100000000000
00000000001100110000000011000000001100110000000000
00000000001000110000000011000000000100110000000000
00000000011000100000000011000000000100011000000000
00000000010000100000000011000000000100011000000000
00000000010000110000000111100000001100011000000000
00000000010001110000001111110000001100011000000000
00000000001001111100111000001111111100010000000000
00000000001101111111100000000111111010110000000000
00000000000111001111100000000111100001100000000000
00000000000110000111100000000011000001100000000000
00000000000110000011000000000010000001000000000000
00000000000010000001100000000110000001000000000000
00000000000010000001100000000100000001000000000000
00000000000011000000110000001100000010000000000000
00000000000001100000111111111100000110000000000000
00000000000000110001111111111110001100000000000000
00000000000000011111110000000111111000000000000000
00000000000000000111100000000111100000000000000000
00000000000000000011100000000110000000000000000000
00000000000000000000111000011000000000000000000000
00000000000000000000001111110000000000000000000000
00000000000000000000000000000000000000000000000000
00000000000000000000000000000000000000000000000000
00000000000000000000000000000000000000000000000000
00000000000000000000000000000000000000000000000000
00000000000000000000000000000000000000000000000000
